33
37
70
75
200
164
165
170
177
195
196
197
200
203
221
224
229
234
266
276
282
304
315
320
323
325
349
357
375
378
382
386
389
535
412
413
415
420
424
425
427
433
520
522
523
524
525
528
535
540
560
605
634
637
661
692
755
766
782
2216
818
834
859
915
922
933
936
938
939
942
963
974
1015
1064
1065
1066
1094
1100
1125
1151
1160
1162
1165
1184
1189
1191
1216
1224
1226
1254
1284
1334
1349
1367
1370
1410
1413
1435
1444
1444
1446
1448
1449
1459
1460
1461
1462
1463
1464
1465
1487
1496
1500
1505
1582
1695
1605
1606
1607
1610
1623
1631
1649
1652
1663
1664
1672
1695
1750
1751
1857
1861
1865
1876
1881
1881
1932
2017
2017
2029
2038
2041
2080
2089
2092
2095
2109
2111
2112
2125
2130
2132
2134
2142
2173
2192
2201
2216
2217
2228
2229
2231
2235
2244
2247
2283
2286
2312
2363
2431
2432
2433
2472
2474
2575
2653
2676
2687
2709
2739
2866
2867
2868
2869
2870
2871
2873
2874
2875
2877
2879
2882
2883
2885
2886
2887
2888
2889
2890
2893
2894
2897
2898
2907
2908
2914
2933
2936
2937
2981
2983
3052
3060
3132
3139
3152
3177
3238
3240
3242
3243
3246
3247
3250
3251
3254
3255
3270
3286
3287
3337
3354
3407
3410
3421
3426
3471
3505
3508
3509
3510
3511
3512
3513
3514
3515
3516
3517
3518
3519
3520
3521
3522
3523
14479
3525
3526
3527
3528
3529
3530
3532
3533
3534
3535
3536
3537
3538
3539
3540
3541
3543
3545
14478
3547
3549
3551
3553
3554
3556
3557
3558
3559
3560
3561
3562
3563
3564
3565
3566
3567
3568
3577
3578
3579
3580
3581
3583
3588
3589
3590
3591
3593
3595
3597
14477
3599
3601
3602
3656
3663
3673
3674
3696
3721
3724
3735
3738
3761
3822
3823
3838
3841
3848
3855
4109
4110
3916
3919
3922
3933
3934
3935
3941
3947
3965
3981
3986
3994
3997
4007
4008
4009
4010
4011
4015
4027
4029
4031
4036
4041
4047
4052
4058
4058
4060
4067
3848
4109
4110
4130
4133
4139
4178
4231
4250
4306
4307
4308
4309
4310
4311
4323
4328
4331
4344
4345
4383
4386
4396
4402
4403
4415
4417
4426
4447
4467
4471
4480
4484
4500
4511
4533
4605
4607
4714
4725
4734
4736
4748
4752
4758
4760
4762
4763
4768
4769
4771
4773
4775
4777
4780
4781
4784
4785
4788
4790
4792
4794
4796
4798
4800
4803
4806
4807
4809
4811
4813
4815
4817
4821
4823
4825
4831
4833
4835
4837
4839
4841
4843
4846
4847
4848
4849
4850
4851
4852
4853
4854
4858
4860
4862
4863
4866
4870
4870
4881
4884
4887
4888
4912
4942
4963
4979
4986
4998
4999
5024
5020
5024
5030
5081
5082
5083
5084
5118
5143
5152
5153
5161
5163
5178
5180
5184
5189
5191
5221
5231
5246
5256
5260
5268
5270
5288
5293
5295
5301
5302
5322
5335
5336
5349
5350
5353
5356
5375
5386
5387
5393
5397
5452
5457
5459
5462
5473
5475
5508
5513
5520
5546
5559
5565
5571
5578
5581
5583
5595
5602
5634
5792
5830
5866
5868
5883
5884
5885
5889
5920
5926
5934
5941
5955
5963
5969
5996
6017
6018
6080
6085
6092
6112
6124
6126
6129
6132
6135
6144
6148
6174
6219
6221
6235
6243
6273
6292
6297
6309
6313
6314
6317
6325
6336
6341
6351
6369
6371
6374
6379
6385
6386
6389
6395
6398
6400
6402
6404
6410
6454
6503
6505
6508
6513
6518
6545
6565
6569
6576
6589
6595
6629
6633
6638
6647
6692
6701
6706
6709
6713
6733
6760
6771
6776
6778
6779
6783
6799
6825
6827
6833
6843
6845
6866
6913
6914
6917
6995
7003
7013
7017
7020
7027
7034
7065
7089
7138
7142
7161
7169
7191
7194
7197
7198
7199
7210
7310
7363
7364
7365
7418
7435
7446
7463
7470
7476
7488
7494
7498
7501
7546
7566
7567
7572
7573
7582
7583
7596
7600
7606
7609
7621
7625
7626
7637
7641
7666
7698
7889
7893
7904
7913
7914
7923
7957
7969
7980
8012
8015
8034
8040
8044
8053
8056
8078
8187
8189
8190
8198
8199
8207
8208
8209
8245
8248
8252
8266
8288
8318
8344
8345
8347
8348
8349
8350
8354
8356
8363
8366
8380
8381
8387
8388
8389
8392
8393
8413
8417
8420
8423
8424
8435
8436
8437
8438
8439
8445
8447
8448
8451
8452
8453
8455
8456
8458
8459
8462
8463
8466
8468
8500
8505
8511
8513
8515
8517
8518
8519
8520
8521
8522
8527
8546
8549
8550
8568
8572
8575
8576
8597
8613
8619
8622
8631
8636
8638
8651
8654
8656
8658
8662
8670
8679
8682
8688
8690
8699
8723
8751
8755
8775
8779
8781
8806
8807
8810
8811
8812
8826
8841
8842
8858
8866
8867
8873
8886
8895
8898
8903
8916
8917
8920
8923
8924
8927
8928
8931
8957
8960
8961
8964
8965
8972
8975
8981
8984
8987
8993
8994
8997
9015
9024
9031
9032
9053
9057
9062
9088
9098
9110
9111
9115
9116
9117
9118
9186
9206
9207
9226
9232
9239
9244
9245
9248
9249
9253
9264
9266
9269
9270
9273
9274
9275
9292
9325
9328
9337
9339
9353
9355
9357
9359
9367
9371
9372
9376
9388
9422
9427
9430
9444
9447
9448
9452
9463
9478
9501
9502
9503
9504
9511
9524
9545
9553
9554
9556
9562
9565
9566
9569
9570
9573
9574
9577
9578
9590
9595
9599
9605
9607
9610
9611
9617
9651
9653
9657
9660
9663
9683
9690
9692
9695
9708
9711
9712
9715
9716
9717
9734
9735
9736
9741
9744
9757
9765
9770
9783
9794
9796
9805
9806
9810
9818
9821
9822
9825
9826
9834
9846
9861
9873
9874
9875
9876
9879
9916
9956
9959
9963
9973
9977
9979
9981
9983
9985
9987
9990
9996
10000
10004
10016
10020
10041
10042
10044
10048
10083
10096
10099
10100
10103
10104
10107
10108
10136
10137
10141
10145
10146
10149
10159
10167
10173
10179
10182
10185
10186
10203
10204
10210
10214
10224
10227
10228
10232
10233
10239
10240
10241
10265
10266
10268
10301
10330
10379
10382
10387
10389
10403
10449
10457
10460
10474
10491
10501
10580
10594
10636
10642
10648
10663
10664
10667
10692
10705
10715
10719
10725
10728
10729
10730
10733
10734
10735
10745
10749
10780
10785
10786
10809
10833
10836
10837
10838
10863
10872
10915
10917
10935
10957
10960
10961
10969
10980
10983
10988
10999
11004
11026
11029
11030
11031
11033
11061
11066
11067
11070
11071
11072
11094
11097
11107
11119
11128
11139
11158
11178
11179
11191
11192
11198
11202
11203
11237
11240
11241
11260
11271
11299
11301
11311
11359
11364
11367
11368
11371
11374
11375
11397
11398
11399
11410
11411
11414
11415
11433
11458
11460
11461
11462
11468
11490
11493
11496
11499
11500
11528
11529
11530
11551
11577
11595
11611
11620
11649
11656
11660
11663
11681
11690
11691
11692
11693
11711
11715
11722
11735
11737
11740
11752
11760
11761
11762
11763
11768
11778
11783
11809
11816
11819
11851
11855
11858
11868
11883
11886
11888
11892
11893
11894
11900
11910
11929
11935
11936
11939
11959
11961
11962
11963
11968
11979
11980
11981
11982
11983
11984
11985
11986
11987
11988
11989
11990
12006
12023
12028
12037
12038
12039
12041
12042
12054
12060
12073
12087
12090
12091
12094
12102
12125
12137
12193
12230
12231
12243
12246
12323
12327
12366
12370
12376
12389
12395
12402
12403
12411
12415
12419
12424
12425
12426
12432
12433
12436
12461
12462
12662
12665
12684
12690
12691
12697
12707
12841
12862
12876
12877
12897
12899
12901
12902
12903
12926
12929
12939
12940
12998
13001
13034
13035
13041
13042
13108
13110
13122
13126
13127
13135
13136
13137
13138
13141
13163
13169
13172
13173
13199
13201
13215
13268
13271
13272
13273
13274
13285
13286
13395
13496
13599
13611
13612
13638
13641
13642
13646
13651
13654
13655
13729
13737
13739
13745
13746
13747
13751
13884
13885
13886
13894
13896
13956
13969
13970
13972
13988
13994
13996
14019
14026
14027
14028
14030
14035
14036
14056
14061
14062
14069
14091
14094
14105
14107
14108
14109
14112
14113
14142
14165
14207
14247
14248
14268
14271
14279
14299
14305
14316
14326
14350
14355
14359
14419
14424
14447
14450
14458
14475
14476
14477
14478
14479
14480
14494
14497
14521
14523
14524
14533
14548
14552
14553
14556
14557
14578
14579
14582
14595
14596
14597
14598
14599
14625
14628
14629
14632
14663
14669
14678
14679
14712
14715
14716
14744
14745
14748
14749
14781
14784
14785
14786
14789
14790
14791
14792
14794
14799
14800
14803
14804
14805
14808
14809
14812
14813
14816
14817
14835
14857
14865
14867
14868
14881